#BVGraph properties
#Fri Oct 23 12:13:01 EEST 2020
bitsforreferences=10152
avgbitsforintervals=523.723
graphclass=gr.uoa.di.networkanalysis.BVMultiGraph
avgdist=0.019
avgbitsformultiples=1393.884
successoravggap=5.739
residualexpstats=3908282,5516443,3756966,1299767,225615,130486,76936,34138,36789,3853,1630,1335,1994,3651,1139
arcs=19061570
minintervallength=4
bitsforoutdegrees=211214
residualavgloggap=2.1184750110014576
avgbitsforoutdegrees=21.121
bitsforresiduals=62702006
successoravgloggap=1.9010928619802328
maxrefcount=3
successorexpstats=917906,1049855,705567,181848,8930,341,113,41,564,456,408,267,184,217,36
residualarcs=14999024
avgbitsforresiduals=6270.201
avgbitsforblocks=2.325
windowsize=7
residualavggap=12.499
copiedarcs=7554
avgbitsforreferences=1.015
version=0
compratio=1.169
bitsperlink=4.308
compressionflags=
bitsformultiples=13938838
nodes=10000
avgref=0.005
zetak=3
bitsforintervals=5237228
intervalisedarcs=1618972
bitspernode=8212.269
bitsforblocks=23248
